Quick Sorted:
41
53
153
288
292
467
491
778
900
1150
1655
1842
1869
1999
2082
2306
2421
2995
3035
3430
3548
3602
3728
3788
3902
4031
4041
4596
4639
4664
4734
4827
4833
4966
5021
5097
5436
5447
5537
5705
5829
6270
6334
6359
6422
6483
6617
6729
6868
6900
7376
7711
8281
8723
8909
8942
9040
9161
9374
9514
9741
9758
9894
9930
9961
10291
10383
11020
11323
11337
11478
11538
11840
11942
12052
12287
12316
12382
12623
12859
13030
13290
13931
13966
13977
14310
14604
14771
14893
14945
15006
15141
15350
15457
15573
15574
15724
15890
16118
16413
16512
16541
16827
16941
16944
17035
17410
17421
17673
17807
18007
18127
18467
18588
18636
18716
18756
18762
19072
19169
19264
19629
19668
19718
19895
19912
19954
20037
20537
21538
21548
21724
21726
22190
22355
22386
22483
22648
22704
22813
22929
23199
23281
23655
23805
23811
23986
24021
24084
24221
24350
24370
24393
24464
24484
24626
24648
24767
24946
25547
25667
26299
26308
26418
26500
26777
26924
26962
27348
27350
27446
27506
27529
27595
27624
27644
27753
27938
28145
28253
28703
28745
29168
29358
29658
30106
30191
30333
30836
31101
31107
31115
31322
31673
32209
32391
32439
32591
32662
32757
